a11 = -0.1253;
a12 = -0.004637;
b = -0.002198;
k1 = 10;
k2 = 1;
k3 = -0.2;