ede=[1.0000    3.0000
    1.0000    3.0000
    1.0000    3.0000
    1.0000    3.0000
    1.0000    3.0000
    1.0000    3.0000
    1.0000    3.0000
    1.0000    3.0000
    1.0000    3.0000
    1.0000    3.0000
    1.0000    3.0000
    1.0000    3.0000
    1.0000    3.0000
    1.0000    3.0000
    1.0000    3.0000
    1.0000    3.0000
    1.0000    2.7045
    1.0000    2.4374
    1.0000    2.1965
    1.0000    1.9793
    1.0000    1.6463
    0.9999    1.3661
    0.9999    1.1327
    0.9999    0.9388
    0.9999    0.6961
    0.9999    0.5164
    0.9999    0.3826
    0.9999    0.2827
    0.9998    0.2080
    0.9998    0.0940
    0.9997    0.0407
    0.9996    0.0117
    0.9995   -0.0050
    0.9993   -0.0142
    0.9991   -0.0214
    0.9988   -0.0267
    0.9984   -0.0324
    0.9980   -0.0382
    0.9975   -0.0440
    0.9957   -0.0624
    0.9933   -0.0825
    0.9901   -0.1043
    0.9863   -0.1274
    0.9817   -0.1513
    0.9700   -0.2013
    0.9550   -0.2514
    0.9369   -0.2996
    0.9158   -0.3444
    0.8920   -0.3846
    0.8658   -0.4191
    0.8136   -0.4658
    0.7573   -0.4909
    0.6995   -0.4956
    0.6424   -0.4828
    0.5877   -0.4567
    0.5367   -0.4216
    0.4825   -0.3750
    0.4348   -0.3284
    0.3998   -0.2932
    0.3685   -0.2627
    0.3404   -0.2376
    0.3148   -0.2176
    0.2911   -0.2022
    0.2689   -0.1904
    0.2420   -0.1784
    0.2226   -0.1704
    0.2042   -0.1625
    0.1866   -0.1541
    0.1700   -0.1448
    0.1545   -0.1348
    0.1401   -0.1242
    0.1255   -0.1118
    0.1124   -0.0996
    0.1008   -0.0880
    0.0905   -0.0775
    0.0815   -0.0683
    0.0735   -0.0605
    0.0659   -0.0536
    0.0601   -0.0489
    0.0549   -0.0450
    0.0501   -0.0416
    0.0456   -0.0386
    0.0414   -0.0358
    0.0376   -0.0331
    0.0333   -0.0300
    0.0295   -0.0269
    0.0261   -0.0239
    0.0231   -0.0210
    0.0204   -0.0184
    0.0181   -0.0160
    0.0160   -0.0139
    0.0143   -0.0122
    0.0127   -0.0108
    0.0113   -0.0097
    0.0100   -0.0087
    0.0087   -0.0077
    0.0077   -0.0070
    0.0068   -0.0063
    0.0061   -0.0057
    0.0054   -0.0050
    0.0047   -0.0045
    0.0042   -0.0039
    0.0036   -0.0033
    0.0031   -0.0029
    0.0027   -0.0025
    0.0024   -0.0022
    0.0021   -0.0020
    0.0018   -0.0018
    0.0016   -0.0016
    0.0014   -0.0014
    0.0011   -0.0012
    0.0010   -0.0011
    0.0008   -0.0009
    0.0007   -0.0008
    0.0005   -0.0007
    0.0004   -0.0006
    0.0003   -0.0005
    0.0002   -0.0004
    0.0002   -0.0003
    0.0001   -0.0003
    0.0001   -0.0002
    0.0000   -0.0002
   -0.0000   -0.0002
   -0.0001   -0.0001
   -0.0001   -0.0001
   -0.0001   -0.0001
   -0.0002   -0.0001
   -0.0002   -0.0000
   -0.0002   -0.0000
   -0.0002   -0.0000
   -0.0002   -0.0000
   -0.0002   -0.0000
   -0.0002   -0.0000
   -0.0002   -0.0000
   -0.0002   -0.0000
   -0.0002   -0.0000
   -0.0002   -0.0000
   -0.0002   -0.0000
   -0.0002    0.0000
   -0.0002    0.0000
   -0.0002   -0.0000
   -0.0002   -0.0000
   -0.0002    0.0000
   -0.0002    0.0000
   -0.0002   -0.0000
   -0.0002   -0.0000
   -0.0002   -0.0000
   -0.0002    0.0000
   -0.0002   -0.0000
   -0.0002   -0.0000
   -0.0002    0.0000
   -0.0002   -0.0000
   -0.0002    0.0000
   -0.0002   -0.0000
   -0.0002   -0.0000
   -0.0002    0.0000
   -0.0002   -0.0000
   -0.0002    0.0000
   -0.0002   -0.0000
   -0.0002    0.0000
   -0.0002   -0.0000
   -0.0002    0.0000
   -0.0002   -0.0000
   -0.0002    0.0000
   -0.0002   -0.0000
   -0.0002    0.0000
   -0.0002   -0.0000
   -0.0002    0.0000
   -0.0002   -0.0000
   -0.0002    0.0000
   -0.0002   -0.0000
   -0.0002    0.0000
   -0.0002   -0.0000
   -0.0002    0.0000
   -0.0002   -0.0000
   -0.0002    0.0000
   -0.0002   -0.0000
   -0.0002    0.0000
   -0.0002   -0.0000
   -0.0002    0.0000
   -0.0002   -0.0000
   -0.0002   -0.0000
   -0.0002    0.0000
   -0.0002    0.0000
   -0.0002    0.0000
   -0.0002    0.0000
   -0.0002   -0.0000
   -0.0002   -0.0000
   -0.0002    0.0000
   -0.0002   -0.0000
   -0.0002   -0.0000
   -0.0002   -0.0000
   -0.0002   -0.0000
   -0.0002    0.0000
   -0.0002    0.0000
   -0.0002    0.0000]';


vn =[0.9778
    0.9778
    0.9778
    0.9778
    0.9778
    0.9778
    0.9778
    0.9778
    0.9778
    0.9778
    0.9778
    0.9778
    0.9778
    0.9778
    0.9778
    0.9778
    1.0714
    1.1613
    1.2400
    1.3021
    1.3647
    1.3720
    1.3384
    1.2810
    1.1715
    1.0652
    0.9733
    0.8983
    0.8388
    0.7430
    0.6963
    0.6704
    0.6553
    0.6469
    0.6404
    0.6357
    0.6305
    0.6251
    0.6199
    0.6029
    0.5844
    0.5640
    0.5421
    0.5192
    0.4701
    0.4190
    0.3674
    0.3167
    0.2681
    0.2227
    0.1505
    0.0944
    0.0560
    0.0347
    0.0285
    0.0342
    0.0506
    0.0707
    0.0860
    0.0974
    0.1035
    0.1040
    0.0992
    0.0903
    0.0747
    0.0618
    0.0493
    0.0384
    0.0296
    0.0233
    0.0194
    0.0174
    0.0174
    0.0184
    0.0197
    0.0206
    0.0208
    0.0200
    0.0186
    0.0166
    0.0144
    0.0121
    0.0099
    0.0080
    0.0062
    0.0051
    0.0044
    0.0042
    0.0042
    0.0042
    0.0042
    0.0041
    0.0037
    0.0033
    0.0028
    0.0022
    0.0018
    0.0014
    0.0012
    0.0010
    0.0009
    0.0009
    0.0009
    0.0008
    0.0008
    0.0007
    0.0006
    0.0005
    0.0004
    0.0004
    0.0003
    0.0002
    0.0002
    0.0002
    0.0002
    0.0002
    0.0001
    0.0001
    0.0001
    0.0001
    0.0001
    0.0000
    0.0000
    0.0000
    0.0000
    0.0000
    0.0000
    0.0000
    0.0000
    0.0000
    0.0000
    0.0000
   -0.0000
    0.0000
    0.0000
    0.0000
   -0.0000
   -0.0000
    0.0000
    0.0000
    0.0000
   -0.0000
   -0.0000
    0.0000
    0.0000
   -0.0000
   -0.0000
    0.0000
   -0.0000
   -0.0000
    0.0000
   -0.0000
    0.0000
    0.0000
   -0.0000
    0.0000
   -0.0000
    0.0000
   -0.0000
    0.0000
   -0.0000
    0.0000
   -0.0000
    0.0000
   -0.0000
    0.0000
   -0.0000
    0.0000
   -0.0000
    0.0000
   -0.0000
    0.0000
   -0.0000
    0.0000
   -0.0000
    0.0000
   -0.0000
    0.0000
   -0.0000
    0.0000
   -0.0000
   -0.0000
    0.0000
    0.0000
    0.0000
    0.0000
   -0.0000
   -0.0000
    0.0000
   -0.0000
   -0.0000
   -0.0000
   -0.0000
    0.0000
    0.0000
    0.0000]';